x86_32, x87, gcc, msw
TOMS 748 tests: Brent, tol 1.0e-7
   1   1   1   8
   2   2   2  14
   2   3   3   8
   2   4   4  14
   2   5   5  12
   2   6   6  12
   2   7   7  11
   2   8   8  11
   2   9   9  11
   2  10  10  11
   2  11  11  11
   3  12  12  16
   3  13  13  18
   3  14  14  19
   4  15  15  13
   4  15  16  15
   4  15  17  16
   4  15  18  16
   4  15  19  17
   4  16  20  16
   4  16  21  16
   4  16  22  16
   4  16  23  16
   4  16  24  16
   4  17  25  16
   4  17  26  16
   4  17  27  16
   4  17  28  16
   5  18  29   8
   6  19  30   7
   6  19  31   8
   6  19  32   9
   6  19  33   9
   6  19  34   9
   6  19  35  11
   6  19  36  12
   6  19  37  13
   6  19  38  13
   6  19  39  13
   7  20  40   8
   7  20  41   7
   7  20  42   7
   8  21  43   3
   8  21  44   8
   8  21  45   9
   8  21  46  10
   8  21  47  12
   9  22  48   8
   9  22  49   9
   9  22  50   7
   9  22  51   7
   9  22  52   6
   9  22  53   6
   9  22  54   6
  10  23  55   7
  10  23  56   8
  10  23  57   8
  10  23  58  11
  10  23  59  12
  11  24  60   5
  11  24  61  12
  11  24  62  12
  11  24  63  13
  12  25  64   7
  12  25  65  10
  12  25  66  10
  12  25  67  10
  12  25  68  10
  12  25  69  11
  12  25  70  10
  12  25  71  11
  12  25  72  10
  12  25  73   9
  12  25  74  10
  12  25  75  10
  12  25  76  11
  12  25  77  10
  12  25  78  10
  12  25  79  10
  12  25  80  10
  12  25  81  10
  12  25  82   9
  13  26  83  18
  14  27  84  21
  14  27  85  21
  14  27  86  21
  14  27  87  21
  14  27  88  21
  14  27  89  21
  14  27  90  21
  14  27  91  21
  14  27  92  21
  14  27  93  21
  14  27  94  21
  14  27  95  21
  14  27  96  21
  14  27  97  21
  14  27  98  21
  14  27  99  21
  14  27 100  21
  14  27 101  21
  14  27 102  21
  14  27 103  21
  14  27 104  21
  14  27 105  21
  14  27 106  21
  14  27 107  21
  14  27 108  21
  14  27 109  21
  14  27 110  21
  14  27 111  21
  14  27 112  21
  14  27 113  21
  14  27 114  21
  14  27 115  21
  14  27 116  21
  14  27 117  21
  14  27 118  21
  14  27 119  21
  14  27 120  21
  14  27 121  21
  14  27 122  21
  14  27 123  21
  15  28 124  33
  15  28 125  33
  15  28 126  33
  15  28 127  33
  15  28 128  33
  15  28 129  34
  15  28 130  33
  15  28 131  33
  15  28 132  33
  15  28 133  33
  15  28 134  33
  15  28 135  33
  15  28 136  33
  15  28 137  33
  15  28 138  33
  15  28 139  33
  15  28 140  33
  15  28 141  33
  15  28 142  33
  15  28 143  33
  15  28 144  33
  15  28 145  35
  15  28 146  34
  15  28 147  36
  15  28 148  36
  15  28 149  36
  15  28 150  35
  15  28 151  36
  15  28 152  37
  15  28 153  37
  15  28 154  37
  evaluations: 2809 (vs. 2804 Alefeld Table II); tol 0.000000100000000000000
TOMS 748 tests: Brent, tol 1.0e-10
   1   1   1   9
   2   2   2  15
   2   3   3   9
   2   4   4  15
   2   5   5  13
   2   6   6  12
   2   7   7  12
   2   8   8  12
   2   9   9  11
   2  10  10  11
   2  11  11  11
   3  12  12  17
   3  13  13  19
   3  14  14  20
   4  15  15  14
   4  15  16  16
   4  15  17  17
   4  15  18  16
   4  15  19  18
   4  16  20  17
   4  16  21  17
   4  16  22  17
   4  16  23  17
   4  16  24  17
   4  17  25  16
   4  17  26  16
   4  17  27  16
   4  17  28  16
   5  18  29   9
   6  19  30   8
   6  19  31   9
   6  19  32   9
   6  19  33  10
   6  19  34  10
   6  19  35  12
   6  19  36  13
   6  19  37  14
   6  19  38  14
   6  19  39  14
   7  20  40   9
   7  20  41   8
   7  20  42   7
   8  21  43   3
   8  21  44   9
   8  21  45  10
   8  21  46  11
   8  21  47  12
   9  22  48   9
   9  22  49  10
   9  22  50   8
   9  22  51   7
   9  22  52   7
   9  22  53   6
   9  22  54   6
  10  23  55   8
  10  23  56   8
  10  23  57   9
  10  23  58  12
  10  23  59  12
  11  24  60   5
  11  24  61  12
  11  24  62  13
  11  24  63  14
  12  25  64   7
  12  25  65  10
  12  25  66  10
  12  25  67  11
  12  25  68  11
  12  25  69  11
  12  25  70  11
  12  25  71  11
  12  25  72  10
  12  25  73  10
  12  25  74  10
  12  25  75  11
  12  25  76  11
  12  25  77  10
  12  25  78  10
  12  25  79  10
  12  25  80  10
  12  25  81  10
  12  25  82  10
  13  26  83  18
  14  27  84  21
  14  27  85  21
  14  27  86  21
  14  27  87  21
  14  27  88  21
  14  27  89  21
  14  27  90  21
  14  27  91  21
  14  27  92  21
  14  27  93  21
  14  27  94  21
  14  27  95  21
  14  27  96  21
  14  27  97  21
  14  27  98  21
  14  27  99  21
  14  27 100  21
  14  27 101  21
  14  27 102  21
  14  27 103  21
  14  27 104  21
  14  27 105  21
  14  27 106  21
  14  27 107  21
  14  27 108  21
  14  27 109  21
  14  27 110  21
  14  27 111  21
  14  27 112  21
  14  27 113  21
  14  27 114  21
  14  27 115  21
  14  27 116  21
  14  27 117  21
  14  27 118  21
  14  27 119  21
  14  27 120  21
  14  27 121  21
  14  27 122  21
  14  27 123  21
  15  28 124  34
  15  28 125  34
  15  28 126  34
  15  28 127  34
  15  28 128  35
  15  28 129  35
  15  28 130  35
  15  28 131  35
  15  28 132  35
  15  28 133  35
  15  28 134  35
  15  28 135  35
  15  28 136  35
  15  28 137  35
  15  28 138  35
  15  28 139  35
  15  28 140  35
  15  28 141  35
  15  28 142  34
  15  28 143  34
  15  28 144  34
  15  28 145  36
  15  28 146  36
  15  28 147  38
  15  28 148  38
  15  28 149  37
  15  28 150  37
  15  28 151  38
  15  28 152  38
  15  28 153  39
  15  28 154  39
  evaluations: 2909 (vs. 2905 Alefeld Table II); tol 0.000000000100000000000
TOMS 748 tests: Brent, tol 1.0e-15
   1   1   1   9
   2   2   2  15
   2   3   3  10
   2   4   4  15
   2   5   5  13
   2   6   6  13
   2   7   7  13
   2   8   8  12
   2   9   9  12
   2  10  10  12
   2  11  11  12
   3  12  12  17
   3  13  13  19
   3  14  14  20
   4  15  15  15
   4  15  16  17
   4  15  17  18
   4  15  18  17
   4  15  19  18
   4  16  20  17
   4  16  21  17
   4  16  22  17
   4  16  23  17
   4  16  24  17
   4  17  25  16
   4  17  26  16
   4  17  27  16
   4  17  28  16
   5  18  29  10
   6  19  30   8
   6  19  31  10
   6  19  32  10
   6  19  33  11
   6  19  34  11
   6  19  35  13
   6  19  36  14
   6  19  37  14
   6  19  38  15
   6  19  39  15
   7  20  40  10
   7  20  41   9
   7  20  42   8
   8  21  43   3
   8  21  44   9
   8  21  45  11
   8  21  46  12
   8  21  47  13
   9  22  48  10
   9  22  49  11
   9  22  50   8
   9  22  51   8
   9  22  52   7
   9  22  53   7
   9  22  54   7
  10  23  55   9
  10  23  56   9
  10  23  57   9
  10  23  58  12
  10  23  59  13
  11  24  60   5
  11  24  61  13
  11  24  62  14
  11  24  63  14
  12  25  64   7
  12  25  65  11
  12  25  66  10
  12  25  67  11
  12  25  68  11
  12  25  69  11
  12  25  70  11
  12  25  71  11
  12  25  72  10
  12  25  73  10
  12  25  74  10
  12  25  75  11
  12  25  76  11
  12  25  77  10
  12  25  78  10
  12  25  79  10
  12  25  80  10
  12  25  81  10
  12  25  82  10
  13  26  83  18
  14  27  84  22
  14  27  85  22
  14  27  86  22
  14  27  87  22
  14  27  88  22
  14  27  89  22
  14  27  90  22
  14  27  91  22
  14  27  92  22
  14  27  93  22
  14  27  94  22
  14  27  95  22
  14  27  96  22
  14  27  97  22
  14  27  98  22
  14  27  99  22
  14  27 100  22
  14  27 101  22
  14  27 102  22
  14  27 103  22
  14  27 104  22
  14  27 105  22
  14  27 106  22
  14  27 107  22
  14  27 108  22
  14  27 109  22
  14  27 110  22
  14  27 111  22
  14  27 112  22
  14  27 113  22
  14  27 114  22
  14  27 115  22
  14  27 116  22
  14  27 117  22
  14  27 118  22
  14  27 119  22
  14  27 120  22
  14  27 121  22
  14  27 122  22
  14  27 123  22
  15  28 124  35
  15  28 125  36
  15  28 126  35
  15  28 127  36
  15  28 128  36
  15  28 129  36
  15  28 130  36
  15  28 131  35
  15  28 132  35
  15  28 133  36
  15  28 134  35
  15  28 135  35
  15  28 136  36
  15  28 137  35
  15  28 138  35
  15  28 139  35
  15  28 140  35
  15  28 141  35
  15  28 142  36
  15  28 143  35
  15  28 144  35
  15  28 145  38
  15  28 146  37
  15  28 147  39
  15  28 148  40
  15  28 149  39
  15  28 150  38
  15  28 151  40
  15  28 152  40
  15  28 153  40
  15  28 154  40
  evaluations: 3015 (vs. 2975 Alefeld Table II); tol 0.000000000000001000000
TOMS 748 tests: Brent, tol 0.0
   1   1   1   9
   2   2   2  16
   2   3   3  10
   2   4   4  15
   2   5   5  13
   2   6   6  13
   2   7   7  13
   2   8   8  12
   2   9   9  12
   2  10  10  12
   2  11  11  12
   3  12  12  19
   3  13  13  24
   3  14  14  23
   4  15  15  15
   4  15  16  17
   4  15  17  18
   4  15  18  17
   4  15  19  18
   4  16  20  17
   4  16  21  17
   4  16  22  17
   4  16  23  17
   4  16  24  17
   4  17  25  16
   4  17  26  16
   4  17  27  16
   4  17  28  16
   5  18  29  10
   6  19  30   9
   6  19  31  10
   6  19  32  10
   6  19  33  11
   6  19  34  11
   6  19  35  13
   6  19  36  14
   6  19  37  14
   6  19  38  15
   6  19  39  15
   7  20  40  10
   7  20  41   9
   7  20  42   9
   8  21  43   3
   8  21  44   9
   8  21  45  11
   8  21  46  12
   8  21  47  13
   9  22  48  10
   9  22  49  11
   9  22  50   9
   9  22  51   8
   9  22  52   8
   9  22  53   7
   9  22  54   7
  10  23  55   9
  10  23  56   9
  10  23  57  10
  10  23  58  12
  10  23  59  13
  11  24  60   5
  11  24  61  13
  11  24  62  14
  11  24  63  15
  12  25  64   7
  12  25  65  11
  12  25  66  10
  12  25  67  11
  12  25  68  11
  12  25  69  11
  12  25  70  11
  12  25  71  11
  12  25  72  10
  12  25  73  10
  12  25  74  10
  12  25  75  11
  12  25  76  11
  12  25  77  10
  12  25  78  10
  12  25  79  10
  12  25  80  10
  12  25  81  10
  12  25  82  10
  13  26  83  18
  14  27  84  22
  14  27  85  22
  14  27  86  22
  14  27  87  22
  14  27  88  22
  14  27  89  22
  14  27  90  22
  14  27  91  22
  14  27  92  22
  14  27  93  22
  14  27  94  22
  14  27  95  22
  14  27  96  22
  14  27  97  22
  14  27  98  22
  14  27  99  22
  14  27 100  22
  14  27 101  22
  14  27 102  22
  14  27 103  22
  14  27 104  22
  14  27 105  22
  14  27 106  22
  14  27 107  22
  14  27 108  22
  14  27 109  22
  14  27 110  22
  14  27 111  22
  14  27 112  22
  14  27 113  22
  14  27 114  22
  14  27 115  22
  14  27 116  22
  14  27 117  22
  14  27 118  22
  14  27 119  22
  14  27 120  22
  14  27 121  22
  14  27 122  22
  14  27 123  22
  15  28 124  35
  15  28 125  36
  15  28 126  35
  15  28 127  37
  15  28 128  36
  15  28 129  37
  15  28 130  36
  15  28 131  35
  15  28 132  35
  15  28 133  36
  15  28 134  35
  15  28 135  35
  15  28 136  36
  15  28 137  35
  15  28 138  35
  15  28 139  35
  15  28 140  35
  15  28 141  35
  15  28 142  36
  15  28 143  35
  15  28 144  36
  15  28 145  38
  15  28 146  38
  15  28 147  39
  15  28 148  40
  15  28 149  39
  15  28 150  39
  15  28 151  40
  15  28 152  40
  15  28 153  40
  15  28 154  41
  evaluations: 3038 (vs. 3008 Alefeld Table II); tol 0.000000000000000000000
