x86_64, sse, gcc, msw
TOMS 748 tests: Alefeld, tol 1.0e-7
   1   1   1   8
   2   2   2  15
   2   3   3   8
   2   4   4  15
   2   5   5  13
   2   6   6  12
   2   7   7  13
   2   8   8  13
   2   9   9  13
   2  10  10  13
   2  11  11  12
   3  12  12  21
   3  13  13  23
   3  14  14  23
   4  15  15  15
   4  15  16  18
   4  15  17  18
   4  15  18  16
   4  15  19  16
   4  16  20  17
   4  16  21  17
   4  16  22  17
   4  16  23  17
   4  16  24  17
   4  17  25  21
   4  17  26  21
   4  17  27  21
   4  17  28  21
   5  18  29   8
   6  19  30   7
   6  19  31   8
   6  19  32   9
   6  19  33   9
   6  19  34   9
   6  19  35  11
   6  19  36  12
   6  19  37  12
   6  19  38  12
   6  19  39  12
   7  20  40   8
   7  20  41   6
   7  20  42   5
   8  21  43   3
   8  21  44   9
   8  21  45   9
   8  21  46  11
   8  21  47  11
   9  22  48   8
   9  22  49   9
   9  22  50   9
   9  22  51   9
   9  22  52   8
   9  22  53   8
   9  22  54   8
  10  23  55   8
  10  23  56   8
  10  23  57   9
  10  23  58  12
  10  23  59  12
  11  24  60  13
  11  24  61  16
  11  24  62  18
  11  24  63  18
  12  25  64   5
  12  25  65   5
  12  25  66   9
  12  25  67   9
  12  25  68   9
  12  25  69   9
  12  25  70   9
  12  25  71  11
  12  25  72  11
  12  25  73  12
  12  25  74  11
  12  25  75  11
  12  25  76  12
  12  25  77  11
  12  25  78  12
  12  25  79  11
  12  25  80  11
  12  25  81   9
  12  25  82   9
  13  26  83  18
  14  27  84  18
  14  27  85  18
  14  27  86  18
  14  27  87  18
  14  27  88  18
  14  27  89  18
  14  27  90  18
  14  27  91  18
  14  27  92  18
  14  27  93  18
  14  27  94  18
  14  27  95  18
  14  27  96  18
  14  27  97  18
  14  27  98  18
  14  27  99  18
  14  27 100  18
  14  27 101  18
  14  27 102  18
  14  27 103  18
  14  27 104  18
  14  27 105  18
  14  27 106  18
  14  27 107  18
  14  27 108  18
  14  27 109  18
  14  27 110  18
  14  27 111  18
  14  27 112  18
  14  27 113  18
  14  27 114  18
  14  27 115  18
  14  27 116  18
  14  27 117  18
  14  27 118  18
  14  27 119  18
  14  27 120  18
  14  27 121  18
  14  27 122  18
  14  27 123  18
  15  28 124  29
  15  28 125  29
  15  28 126  29
  15  28 127  29
  15  28 128  29
  15  28 129  29
  15  28 130  29
  15  28 131  29
  15  28 132  29
  15  28 133  29
  15  28 134  29
  15  28 135  29
  15  28 136  29
  15  28 137  29
  15  28 138  29
  15  28 139  29
  15  28 140  29
  15  28 141  29
  15  28 142  30
  15  28 143  30
  15  28 144  30
  15  28 145  29
  15  28 146  31
  15  28 147  30
  15  28 148  32
  15  28 149  32
  15  28 150  35
  15  28 151  33
  15  28 152  32
  15  28 153  35
  15  28 154  35
  evaluations: 2658 (vs. 2650 Alefeld Table II); tol 0.000000100000000000000
TOMS 748 tests: Alefeld, tol 1.0e-10
   1   1   1   9
   2   2   2  15
   2   3   3   9
   2   4   4  15
   2   5   5  13
   2   6   6  12
   2   7   7  14
   2   8   8  13
   2   9   9  13
   2  10  10  13
   2  11  11  13
   3  12  12  23
   3  13  13  23
   3  14  14  23
   4  15  15  15
   4  15  16  18
   4  15  17  18
   4  15  18  18
   4  15  19  18
   4  16  20  18
   4  16  21  18
   4  16  22  18
   4  16  23  18
   4  16  24  18
   4  17  25  22
   4  17  26  22
   4  17  27  22
   4  17  28  22
   5  18  29   9
   6  19  30   7
   6  19  31   9
   6  19  32  10
   6  19  33  10
   6  19  34  10
   6  19  35  11
   6  19  36  13
   6  19  37  13
   6  19  38  14
   6  19  39  14
   7  20  40   8
   7  20  41   7
   7  20  42   6
   8  21  43   3
   8  21  44   9
   8  21  45  11
   8  21  46  11
   8  21  47  11
   9  22  48   8
   9  22  49  11
   9  22  50   9
   9  22  51   9
   9  22  52   9
   9  22  53   8
   9  22  54   8
  10  23  55   8
  10  23  56   8
  10  23  57   9
  10  23  58  12
  10  23  59  12
  11  24  60  13
  11  24  61  17
  11  24  62  19
  11  24  63  18
  12  25  64   5
  12  25  65   5
  12  25  66   9
  12  25  67  10
  12  25  68  10
  12  25  69  10
  12  25  70  11
  12  25  71  12
  12  25  72  11
  12  25  73  12
  12  25  74  11
  12  25  75  11
  12  25  76  12
  12  25  77  11
  12  25  78  12
  12  25  79  11
  12  25  80  11
  12  25  81  12
  12  25  82  12
  13  26  83  18
  14  27  84  19
  14  27  85  19
  14  27  86  19
  14  27  87  19
  14  27  88  19
  14  27  89  19
  14  27  90  19
  14  27  91  19
  14  27  92  19
  14  27  93  19
  14  27  94  19
  14  27  95  19
  14  27  96  19
  14  27  97  19
  14  27  98  19
  14  27  99  19
  14  27 100  19
  14  27 101  19
  14  27 102  19
  14  27 103  19
  14  27 104  19
  14  27 105  19
  14  27 106  19
  14  27 107  19
  14  27 108  19
  14  27 109  19
  14  27 110  19
  14  27 111  19
  14  27 112  19
  14  27 113  19
  14  27 114  19
  14  27 115  19
  14  27 116  19
  14  27 117  19
  14  27 118  19
  14  27 119  19
  14  27 120  19
  14  27 121  19
  14  27 122  19
  14  27 123  19
  15  28 124  29
  15  28 125  29
  15  28 126  30
  15  28 127  30
  15  28 128  30
  15  28 129  30
  15  28 130  30
  15  28 131  30
  15  28 132  30
  15  28 133  30
  15  28 134  31
  15  28 135  30
  15  28 136  30
  15  28 137  30
  15  28 138  30
  15  28 139  30
  15  28 140  32
  15  28 141  32
  15  28 142  32
  15  28 143  32
  15  28 144  32
  15  28 145  30
  15  28 146  32
  15  28 147  32
  15  28 148  33
  15  28 149  33
  15  28 150  35
  15  28 151  35
  15  28 152  35
  15  28 153  35
  15  28 154  35
  evaluations: 2787 (vs. 2786 Alefeld Table II); tol 0.000000000100000000000
TOMS 748 tests: Alefeld, tol 1.0e-15
   1   1   1  10
   2   2   2  16
   2   3   3  12
   2   4   4  16
   2   5   5  15
   2   6   6  13
   2   7   7  14
   2   8   8  12
   2   9   9  14
   2  10  10  12
   2  11  11  13
   3  12  12  23
   3  13  13  24
   3  14  14  24
   4  15  15  16
   4  15  16  18
   4  15  17  19
   4  15  18  18
   4  15  19  18
   4  16  20  18
   4  16  21  18
   4  16  22  18
   4  16  23  18
   4  16  24  18
   4  17  25  22
   4  17  26  22
   4  17  27  22
   4  17  28  22
   5  18  29  10
   6  19  30   7
   6  19  31   9
   6  19  32  10
   6  19  33  10
   6  19  34  10
   6  19  35  11
   6  19  36  13
   6  19  37  13
   6  19  38  14
   6  19  39  14
   7  20  40   8
   7  20  41   7
   7  20  42   8
   8  21  43   3
   8  21  44  11
   8  21  45  11
   8  21  46  12
   8  21  47  12
   9  22  48   9
   9  22  49  11
   9  22  50  11
   9  22  51  11
   9  22  52   9
   9  22  53   9
   9  22  54   9
  10  23  55   8
  10  23  56   8
  10  23  57  11
  10  23  58  12
  10  23  59  13
  11  24  60  14
  11  24  61  17
  11  24  62  19
  11  24  63  18
  12  25  64   5
  12  25  65   5
  12  25  66  10
  12  25  67  10
  12  25  68  10
  12  25  69  10
  12  25  70  11
  12  25  71  12
  12  25  72  11
  12  25  73  12
  12  25  74  11
  12  25  75  11
  12  25  76  12
  12  25  77  11
  12  25  78  12
  12  25  79  11
  12  25  80  11
  12  25  81  12
  12  25  82  12
  13  26  83  18
  14  27  84  19
  14  27  85  19
  14  27  86  19
  14  27  87  19
  14  27  88  19
  14  27  89  19
  14  27  90  19
  14  27  91  19
  14  27  92  19
  14  27  93  19
  14  27  94  19
  14  27  95  19
  14  27  96  19
  14  27  97  19
  14  27  98  19
  14  27  99  19
  14  27 100  19
  14  27 101  19
  14  27 102  19
  14  27 103  19
  14  27 104  19
  14  27 105  19
  14  27 106  19
  14  27 107  19
  14  27 108  19
  14  27 109  19
  14  27 110  19
  14  27 111  19
  14  27 112  19
  14  27 113  19
  14  27 114  19
  14  27 115  19
  14  27 116  19
  14  27 117  19
  14  27 118  19
  14  27 119  19
  14  27 120  19
  14  27 121  19
  14  27 122  19
  14  27 123  19
  15  28 124  30
  15  28 125  30
  15  28 126  31
  15  28 127  31
  15  28 128  32
  15  28 129  32
  15  28 130  31
  15  28 131  31
  15  28 132  31
  15  28 133  31
  15  28 134  32
  15  28 135  31
  15  28 136  31
  15  28 137  31
  15  28 138  32
  15  28 139  31
  15  28 140  32
  15  28 141  32
  15  28 142  32
  15  28 143  32
  15  28 144  32
  15  28 145  31
  15  28 146  33
  15  28 147  33
  15  28 148  35
  15  28 149  35
  15  28 150  37
  15  28 151  36
  15  28 152  36
  15  28 153  37
  15  28 154  37
  evaluations: 2852 (vs. 2859 Alefeld Table II); tol 0.000000000000001000000
TOMS 748 tests: Alefeld, tol 0.0
   1   1   1  10
   2   2   2  16
   2   3   3  12
   2   4   4  16
   2   5   5  15
   2   6   6  13
   2   7   7  14
   2   8   8  12
   2   9   9  14
   2  10  10  12
   2  11  11  13
   3  12  12  23
   3  13  13  25
   3  14  14  26
   4  15  15  16
   4  15  16  19
   4  15  17  19
   4  15  18  18
   4  15  19  18
   4  16  20  18
   4  16  21  18
   4  16  22  18
   4  16  23  18
   4  16  24  18
   4  17  25  22
   4  17  26  22
   4  17  27  22
   4  17  28  22
   5  18  29  10
   6  19  30   7
   6  19  31  10
   6  19  32  10
   6  19  33  10
   6  19  34  10
   6  19  35  11
   6  19  36  13
   6  19  37  13
   6  19  38  14
   6  19  39  14
   7  20  40   9
   7  20  41   7
   7  20  42   8
   8  21  43   3
   8  21  44  11
   8  21  45  11
   8  21  46  12
   8  21  47  12
   9  22  48   9
   9  22  49  11
   9  22  50  11
   9  22  51  11
   9  22  52  10
   9  22  53   9
   9  22  54   9
  10  23  55   8
  10  23  56   8
  10  23  57  11
  10  23  58  13
  10  23  59  13
  11  24  60  14
  11  24  61  19
  11  24  62  20
  11  24  63  18
  12  25  64   5
  12  25  65   5
  12  25  66  10
  12  25  67  10
  12  25  68  10
  12  25  69  10
  12  25  70  11
  12  25  71  12
  12  25  72  11
  12  25  73  12
  12  25  74  11
  12  25  75  11
  12  25  76  12
  12  25  77  11
  12  25  78  12
  12  25  79  11
  12  25  80  11
  12  25  81  12
  12  25  82  12
  13  26  83  18
  14  27  84  19
  14  27  85  19
  14  27  86  19
  14  27  87  19
  14  27  88  19
  14  27  89  19
  14  27  90  19
  14  27  91  19
  14  27  92  19
  14  27  93  19
  14  27  94  19
  14  27  95  19
  14  27  96  19
  14  27  97  19
  14  27  98  19
  14  27  99  19
  14  27 100  19
  14  27 101  19
  14  27 102  19
  14  27 103  19
  14  27 104  19
  14  27 105  19
  14  27 106  19
  14  27 107  19
  14  27 108  19
  14  27 109  19
  14  27 110  19
  14  27 111  19
  14  27 112  19
  14  27 113  19
  14  27 114  19
  14  27 115  19
  14  27 116  19
  14  27 117  19
  14  27 118  19
  14  27 119  19
  14  27 120  19
  14  27 121  19
  14  27 122  19
  14  27 123  19
  15  28 124  31
  15  28 125  31
  15  28 126  31
  15  28 127  31
  15  28 128  32
  15  28 129  32
  15  28 130  31
  15  28 131  31
  15  28 132  31
  15  28 133  31
  15  28 134  32
  15  28 135  31
  15  28 136  31
  15  28 137  31
  15  28 138  32
  15  28 139  31
  15  28 140  32
  15  28 141  32
  15  28 142  33
  15  28 143  33
  15  28 144  32
  15  28 145  31
  15  28 146  34
  15  28 147  35
  15  28 148  35
  15  28 149  36
  15  28 150  37
  15  28 151  37
  15  28 152  37
  15  28 153  37
  15  28 154  37
  evaluations: 2873 (vs. 2884 Alefeld Table II); tol 0.000000000000000000000
