   N   F   S   A   B   A   B   A   B   A   B
   1   1   1   8   8   9   9  10   9  10   9
   2   2   2  15  14  15  15  16  15  16  15
   2   3   3   8   8   9   9  12  10  12  11
   2   4   4  15  14  15  15  16  15  16  15
   2   5   5  13  12  13  13  15  13  15  13
   2   6   6  12  12  12  12  13  13  13  13
   2   7   7  13  11  14  12  14  13  14  13
   2   8   8  13  11  13  12  14  12  14  12
   2   9   9  13  11  13  11  14  12  14  12
   2  10  10  13  11  13  11  14  12  14  12
   2  11  11  12  11  13  11  12  12  12  12
   3  12  12  21  16  23  17  23  17  23  19
   3  13  13  23  18  23  19  24  19  25  21
   3  14  14  23  19  23  20  24  20  26  22
   4  15  15  15  13  15  14  16  15  16  15
   4  15  16  18  15  18  16  18  17  19  17
   4  15  17  18  16  18  17  19  18  19  18
   4  15  18  16  16  17  16  17  17  17  17
   4  15  19  16  17  18  18  18  18  18  18
   4  16  20  17  16  18  17  18  17  18  17
   4  16  21  17  16  18  17  18  17  18  17
   4  16  22  17  16  18  17  18  17  18  17
   4  16  23  17  16  18  17  18  17  18  17
   4  16  24  17  16  18  17  18  17  18  17
   4  17  25  21  16  22  16  22  16  22  16
   4  17  26  21  16  22  16  22  16  22  16
   4  17  27  21  16  22  16  22  16  22  16
   4  17  28  21  16  22  16  22  16  22  16
   5  18  29   8   8   9   9  10  10  10  10
   6  19  30   7   7   7   8   7   8   7   8
   6  19  31   8   8   9   9   9   9  10   9
   6  19  32   9   9  10   9  10   9  10   9
   6  19  33   9   9  10  10  10  10  10  10
   6  19  34   9   9  10  10  10  11  10  11
   6  19  35  11  11  11  12  11  13  11  13
   6  19  36  12  12  13  13  13  14  13  14
   6  19  37  12  13  13  14  13  14  13  14
   6  19  38  12  13  14  14  14  15  14  15
   6  19  39  12  13  14  14  14  15  14  15
   7  20  40   8   8   8   9   8  10   9  10
   7  20  41   6   7   7   8   7   9   7   9
   7  20  42   5   7   6   7   8   8   8   9
   8  21  43   3   3   3   3   3   3   3   3
   8  21  44   9   8   9   9  11   9  11   9
   8  21  45   9   9  11  10  11  11  11  11
   8  21  46  11  10  11  11  12  12  12  12
   8  21  47  11  12  11  12  11  13  11  13
   9  22  48   8   8   8   9   9  10   9  10
   9  22  49   9   9  11  10  11  11  11  11
   9  22  50   9   7   9   8  11   8  11   9
   9  22  51   9   7   9   7  11   8  11   8
   9  22  52   8   6   9   7   9   7  10   8
   9  22  53   8   6   8   6   9   7   9   7
   9  22  54   8   6   8   6   9   7   9   7
  10  23  55   8   7   8   8   8   9   8   9
  10  23  56   8   8   9   8   9   9   9   9
  10  23  57   9   8   9   9  11  10  11  10
  10  23  58  12  11  12  12  12  12  13  12
  10  23  59  12  12  12  12  13  13  13  13
  11  24  60  13   4  13   4  14   4  14   4
  11  24  61  16  12  17  12  17  12  19  12
  11  24  62  18  12  19  13  19  13  20  13
  11  24  63  18  13  18  14  18  14  18  14
  12  25  64   5   6   5   6   5   6   5   6
  12  25  65   5  10   5  10   5  10   5  10
  12  25  66   9  10   9  10  10  10  10  10
  12  25  67   9  10  10  11  10  11  10  11
  12  25  68   9  10  10  11  10  11  10  11
  12  25  69   9  11  10  11  10  11  10  11
  12  25  70   9  10  11  11  11  12  11  12
  12  25  71  11  11  12  11  12  11  12  11
  12  25  72  11  10  11  10  11  10  11  10
  12  25  73  12   9  12  10  12  10  12  10
  12  25  74  11  10  11  10  11  10  11  10
  12  25  75  11  10  11  11  11  11  11  11
  12  25  76  12  11  12  11  12  11  12  11
  12  25  77  11  10  11  10  11  10  11  10
  12  25  78  12  10  12  10  12  10  12  10
  12  25  79  11  10  11  10  11  10  11  10
  12  25  80  11  10  11  10  11  10  11  10
  12  25  81   9  10  12  10  12  10  12  10
  12  25  82   9   9  12  10  12  10  12  10
  13  26  83  18  18  18  18  18  18  18  18
  14  27  84  18  21  19  21  19  21  19  21
  14  27  85  18  21  19  21  19  21  19  21
  14  27  86  18  21  19  21  19  21  19  21
  14  27  87  18  21  19  21  19  21  19  21
  14  27  88  18  21  19  21  19  21  19  21
  14  27  89  18  21  19  21  19  21  19  21
  14  27  90  18  21  19  21  19  21  19  21
  14  27  91  18  21  19  21  19  21  19  21
  14  27  92  18  21  19  21  19  21  19  21
  14  27  93  18  21  19  21  19  21  19  21
  14  27  94  18  21  19  21  19  21  19  21
  14  27  95  18  21  19  21  19  21  19  21
  14  27  96  18  21  19  21  19  21  19  21
  14  27  97  18  21  19  21  19  21  19  21
  14  27  98  18  21  19  21  19  21  19  21
  14  27  99  18  21  19  21  19  21  19  21
  14  27 100  18  21  19  21  19  21  19  21
  14  27 101  18  21  19  21  19  21  19  21
  14  27 102  18  21  19  21  19  21  19  21
  14  27 103  18  21  19  21  19  21  19  21
  14  27 104  18  21  19  21  19  21  19  21
  14  27 105  18  21  19  21  19  21  19  21
  14  27 106  18  21  19  21  19  21  19  21
  14  27 107  18  21  19  21  19  21  19  21
  14  27 108  18  21  19  21  19  21  19  21
  14  27 109  18  21  19  21  19  21  19  21
  14  27 110  18  21  19  21  19  21  19  21
  14  27 111  18  21  19  21  19  21  19  21
  14  27 112  18  21  19  21  19  21  19  21
  14  27 113  18  21  19  21  19  21  19  21
  14  27 114  18  21  19  21  19  21  19  21
  14  27 115  18  21  19  21  19  21  19  21
  14  27 116  18  21  19  21  19  21  19  21
  14  27 117  18  21  19  21  19  21  19  21
  14  27 118  18  21  19  21  19  21  19  21
  14  27 119  18  21  19  21  19  21  19  21
  14  27 120  18  21  19  21  19  21  19  21
  14  27 121  18  21  19  21  19  21  19  21
  14  27 122  18  21  19  21  19  21  19  21
  14  27 123  18  21  19  21  19  21  19  21
  15  28 124  29  33  29  34  30  35  31  35
  15  28 125  29  33  29  34  30  35  31  35
  15  28 126  29  33  30  34  31  35  31  35
  15  28 127  29  33  30  34  31  36  31  37
  15  28 128  29  33  30  35  32  36  32  37
  15  28 129  29  34  30  35  32  36  32  36
  15  28 130  29  33  30  35  31  36  31  36
  15  28 131  29  33  30  35  31  36  31  36
  15  28 132  29  33  30  35  31  35  31  35
  15  28 133  29  33  30  35  31  36  31  36
  15  28 134  29  33  31  35  32  36  32  36
  15  28 135  29  33  30  35  31  36  31  36
  15  28 136  29  33  30  35  31  35  31  35
  15  28 137  29  33  30  35  31  35  31  35
  15  28 138  29  33  30  35  32  35  32  35
  15  28 139  29  33  30  35  31  35  31  35
  15  28 140  29  33  32  35  32  36  32  36
  15  28 141  29  33  32  35  32  36  32  36
  15  28 142  30  33  32  34  32  36  33  36
  15  28 143  30  33  32  34  32  36  33  36
  15  28 144  30  33  32  34  32  35  32  36
  15  28 145  29  35  30  36  31  38  31  39
  15  28 146  31  34  32  36  33  37  34  37
  15  28 147  30  36  32  38  33  39  35  39
  15  28 148  32  36  33  38  35  40  35  40
  15  28 149  32  36  33  37  35  39  36  39
  15  28 150  35  35  35  37  37  38  37  39
  15  28 151  33  36  35  38  36  40  37  40
  15  28 152  32  37  35  38  36  40  37  40
  15  28 153  35  37  35  39  37  41  37  41
  15  28 154  35  37  35  39  37  40  37  42

