AddonCompOnAssets
0
0
0
0
0
0
0
0
0
0
0
0
0
0
0
0
0
0
0
0
0
0
0
0
0
0
0
0
0
0
0
0
0
0
0
0
0
0
0
AddonCompOnPremium
0
0
0
0
0
0
0
0
0
0
0
0
0
0
0
0
0
0
0
0
0
0
0
0
0
0
0
0
0
0
0
0
0
0
0
0
0
0
0
AddonMonthlyFee
0
0
0
0
0
0
0
0
0
0
0
0
0
0
0
0
0
0
0
0
0
0
0
0
0
0
0
0
0
0
0
0
0
0
0
0
0
0
0
CorpTaxBracket
0
0
0
0
0
0
0
0
0
0
0
0
0
0
0
0
0
0
0
0
0
0
0
0
0
0
0
0
0
0
0
0
0
0
0
0
0
0
0
CorridorFactor
1.28
1.26
1.24
1.22
1.2
1.1899999999999999
1.1799999999999999
1.1699999999999999
1.1599999999999999
1.1499999999999999
1.1299999999999999
1.1100000000000001
1.0900000000000001
1.0700000000000001
1.05
1.05
1.05
1.05
1.05
1.05
1.05
1.05
1.05
1.05
1.05
1.05
1.05
1.05
1.05
1.05
1.04
1.03
1.02
1.01
1
1
1
1
1
CurrMandE
0.0089999999999999993
0.0089999999999999993
0.0089999999999999993
0.0089999999999999993
0.0089999999999999993
0.0089999999999999993
0.0089999999999999993
0.0089999999999999993
0.0089999999999999993
0.0089999999999999993
0.0089999999999999993
0.0089999999999999993
0.0089999999999999993
0.0089999999999999993
0.0089999999999999993
0.0089999999999999993
0.0089999999999999993
0.0089999999999999993
0.0089999999999999993
0.0089999999999999993
0.0089999999999999993
0.0089999999999999993
0.0089999999999999993
0.0089999999999999993
0.0089999999999999993
0.0089999999999999993
0.0089999999999999993
0.0089999999999999993
0.0089999999999999993
0.0089999999999999993
0.0089999999999999993
0.0089999999999999993
0.0089999999999999993
0.0089999999999999993
0.0089999999999999993
0.0089999999999999993
0.0089999999999999993
0.0089999999999999993
0.0089999999999999993
EeGrossPmt
21619.279999999999
21619.279999999999
21619.279999999999
21619.279999999999
21619.279999999999
21619.279999999999
21619.279999999999
21619.279999999999
21619.279999999999
21619.279999999999
21619.279999999999
21619.279999999999
21619.279999999999
21619.279999999999
21619.279999999999
21619.279999999999
21619.279999999999
21619.279999999999
21619.279999999999
21619.279999999999
21619.279999999999
21619.279999999999
21619.279999999999
21619.279999999999
21619.279999999999
21619.279999999999
21619.279999999999
21619.279999999999
21619.279999999999
21619.279999999999
21619.279999999999
21619.279999999999
21619.279999999999
21619.279999999999
21619.279999999999
21619.279999999999
21619.279999999999
21619.279999999999
21619.279999999999
EePmt
21619.279999999999
21619.279999999999
21619.279999999999
21619.279999999999
21619.279999999999
21619.279999999999
21619.279999999999
21619.279999999999
21619.279999999999
21619.279999999999
21619.279999999999
21619.279999999999
21619.279999999999
21619.279999999999
21619.279999999999
21619.279999999999
21619.279999999999
21619.279999999999
21619.279999999999
21619.279999999999
21619.279999999999
21619.279999999999
21619.279999999999
21619.279999999999
21619.279999999999
21619.279999999999
21619.279999999999
21619.279999999999
21619.279999999999
21619.279999999999
21619.279999999999
21619.279999999999
21619.279999999999
21619.279999999999
21619.279999999999
21619.279999999999
21619.279999999999
21619.279999999999
21619.279999999999
ErGrossPmt
0
0
0
0
0
0
0
0
0
0
0
0
0
0
0
0
0
0
0
0
0
0
0
0
0
0
0
0
0
0
0
0
0
0
0
0
0
0
0
ErPmt
0
0
0
0
0
0
0
0
0
0
0
0
0
0
0
0
0
0
0
0
0
0
0
0
0
0
0
0
0
0
0
0
0
0
0
0
0
0
0
GptForceout
0
0
0
0
0
0
0
0
0
0
0
0
0
0
0
0
0
0
0
0
0
0
0
0
0
0
0
0
0
0
0
0
0
0
0
0
0
0
0
GrossPmt
21619.279999999999
21619.279999999999
21619.279999999999
21619.279999999999
21619.279999999999
21619.279999999999
21619.279999999999
21619.279999999999
21619.279999999999
21619.279999999999
21619.279999999999
21619.279999999999
21619.279999999999
21619.279999999999
21619.279999999999
21619.279999999999
21619.279999999999
21619.279999999999
21619.279999999999
21619.279999999999
21619.279999999999
21619.279999999999
21619.279999999999
21619.279999999999
21619.279999999999
21619.279999999999
21619.279999999999
21619.279999999999
21619.279999999999
21619.279999999999
21619.279999999999
21619.279999999999
21619.279999999999
21619.279999999999
21619.279999999999
21619.279999999999
21619.279999999999
21619.279999999999
21619.279999999999
HoneymoonValueSpread
0
0
0
0
0
0
0
0
0
0
0
0
0
0
0
0
0
0
0
0
0
0
0
0
0
0
0
0
0
0
0
0
0
0
0
0
0
0
0
IndvTaxBracket
0
0
0
0
0
0
0
0
0
0
0
0
0
0
0
0
0
0
0
0
0
0
0
0
0
0
0
0
0
0
0
0
0
0
0
0
0
0
0
Loan
0
0
0
0
0
0
0
0
0
0
0
0
0
0
0
0
0
0
0
0
0
0
0
0
0
0
0
0
0
0
0
0
0
0
0
0
0
0
0
MonthlyFlatExtra
0
0
0
0
0
0
0
0
0
0
0
0
0
0
0
0
0
0
0
0
0
0
0
0
0
0
0
0
0
0
0
0
0
0
0
0
0
0
0
NaarForceout
0
0
0
0
0
0
0
0
0
0
0
0
0
0
0
0
0
0
0
0
0
0
0
0
0
0
0
0
0
0
0
0
0
0
0
0
0
0
0
NetWD
0
0
0
0
0
0
0
0
0
0
0
0
0
0
0
0
0
0
0
0
0
0
0
0
0
0
0
0
0
0
0
0
0
0
0
0
0
0
0
Outlay
21619.279999999999
21619.279999999999
21619.279999999999
21619.279999999999
21619.279999999999
21619.279999999999
21619.279999999999
21619.279999999999
21619.279999999999
21619.279999999999
21619.279999999999
21619.279999999999
21619.279999999999
21619.279999999999
21619.279999999999
21619.279999999999
21619.279999999999
21619.279999999999
21619.279999999999
21619.279999999999
21619.279999999999
21619.279999999999
21619.279999999999
21619.279999999999
21619.279999999999
21619.279999999999
21619.279999999999
21619.279999999999
21619.279999999999
21619.279999999999
21619.279999999999
21619.279999999999
21619.279999999999
21619.279999999999
21619.279999999999
21619.279999999999
21619.279999999999
21619.279999999999
21619.279999999999
PartMortTableMult
1
1
1
1
1
1
1
1
1
1
1
1
1
1
1
1
1
1
1
1
1
1
1
1
1
1
1
1
1
1
1
1
1
1
1
1
1
1
1
ProducerCompensation
0
0
0
0
0
0
0
0
0
0
0
0
0
0
0
0
0
0
0
0
0
0
0
0
0
0
0
0
0
0
0
0
0
0
0
0
0
0
0
RefundableSalesLoad
0
0
0
0
0
0
0
0
0
0
0
0
0
0
0
0
0
0
0
0
0
0
0
0
0
0
0
0
0
0
0
0
0
0
0
0
0
0
0
Salary
100000
100000
100000
100000
100000
100000
100000
100000
100000
100000
100000
100000
100000
100000
100000
100000
100000
100000
100000
100000
100000
100000
100000
100000
100000
100000
100000
100000
100000
100000
100000
100000
100000
100000
100000
100000
100000
100000
100000
SpecAmt
1000000
1000000
1000000
1000000
1000000
1000000
1000000
1000000
1000000
1000000
1000000
1000000
1000000
1000000
1000000
1000000
1000000
1000000
1000000
1000000
1000000
1000000
1000000
1000000
1000000
1000000
1000000
1000000
1000000
1000000
1000000
1000000
1000000
1000000
1000000
1000000
1000000
1000000
1000000
TermSpecAmt
0
0
0
0
0
0
0
0
0
0
0
0
0
0
0
0
0
0
0
0
0
0
0
0
0
0
0
0
0
0
0
0
0
0
0
0
0
0
0
TgtPrem
0
0
0
0
0
0
0
0
0
0
0
0
0
0
0
0
0
0
0
0
0
0
0
0
0
0
0
0
0
0
0
0
0
0
0
0
0
0
0
TotalIMF
0
0
0
0
0
0
0
0
0
0
0
0
0
0
0
0
0
0
0
0
0
0
0
0
0
0
0
0
0
0
0
0
0
0
0
0
0
0
0
Age==61
AllowDbo3==1
AvgFund==0
ChildRiderAmount==0
CountryCOIMultiplier==1
CustomFund==0
DacTaxPremLoadRate==0.01
Dumpin==0
EffDateJdn==2453344
EndtAge==100
External1035Amount==0
GenAcctAllocation==1
GenderBlended==0
GenderDistinct==0
GuarMaxMandE==0.0089999999999999993
GuarPrem==46854.540000000001
Has1035ExchCharge==0
HasADD==0
HasChildRider==0
HasHoneymoon==0
HasSpouseRider==0
HasTerm==0
HasWP==0
InforceIsMec==0
InitAnnLoanDueRate==0.059999999999999998
InitBaseSpecAmt==1000000
InitGLP==37653.879999999997
InitGSP==368951.77000000002
InitPrem==21619.279999999999
InitSevenPayPrem==91125.100000000006
InitTermSpecAmt==0
InitTgtPrem==91125.100000000006
Internal1035Amount==0
IsInforce==0
IsMec==0
MaleProportion==1
MecMonth==11
MecYear==39
NoLapseAlwaysActive==0
NoLapseMinAge==0
NoLapseMinDur==0
NominallyPar==0
NonsmokerProportion==1
PostHoneymoonSpread==0
PremiumTaxIsTiered==0
RetAge==65
SmokerBlended==0
SmokerDistinct==0
SpouseIssueAge==45
SpouseRiderAmount==0
StatePremTaxLoad==0.02
StatePremTaxRate==0.02
SubstdTable==0
SupplementalReport==0
UseExperienceRating==0
UsePartialMort==0
AvName==Account
AvoidMec==Allow MEC
CertificateNumber==
CoUnderwriter==Superior Investors
CoUnderwriterAddress==246-C Main Street, Superior, WI 12345
Comments==idiosyncrasy_spew
CorpName==
CountryIso3166Abbrev==US
CsvHeaderName==Cash Surr
CsvName==Cash Surrender
DefnLifeIns==CVAT
DefnMaterialChange==Earlier of increase or unnecessary premium
Gender==Female
InsCoAddr==Superior, WI 12345
InsCoName==Superior Life Insurance Company
InsCoPhone==(800) 555-1212
InsCoShortName==Superior Life
InsCoStreet==246 Main Street
Insured1==Ulysses S Grant
InterestDisclaimer==
MainUnderwriter==Superior Securities
MainUnderwriterAddress==246-M Main Street, Superior, WI 12345
NoLapseProvisionName==No-lapse Provision
PartMortTableName==1983 GAM
PolicyForm==UL32768-NY
PolicyLegalName==Flexible Premium Adjustable Life Insurance Policy
PolicyMktgName==UL Supreme
PolicyNumber==
PolicyShortName==
ProducerCity==*** REQUIRED FIELD MISSING ***, CT 
ProducerName==*** REQUIRED FIELD MISSING *** *** REQUIRED FIELD MISSING ***
ProducerStreet==*** REQUIRED FIELD MISSING ***
Smoker==Tobacco
StatePostalAbbrev==CT
SubstandardTable==None
SupplementalReportColumn00==[none]
SupplementalReportColumn01==[none]
SupplementalReportColumn02==[none]
SupplementalReportColumn03==[none]
SupplementalReportColumn04==[none]
SupplementalReportColumn05==[none]
SupplementalReportColumn06==[none]
SupplementalReportColumn07==[none]
SupplementalReportColumn08==[none]
SupplementalReportColumn09==[none]
SupplementalReportColumn10==[none]
SupplementalReportColumn11==[none]
UWClass==Standard
UWType==Medical
InforceLives
1
1
1
1
1
1
1
1
1
1
1
1
1
1
1
1
1
1
1
1
1
1
1
1
1
1
1
1
1
1
1
1
1
1
1
1
1
1
1
1
EeMode
Annual
Annual
Annual
Annual
Annual
Annual
Annual
Annual
Annual
Annual
Annual
Annual
Annual
Annual
Annual
Annual
Annual
Annual
Annual
Annual
Annual
Annual
Annual
Annual
Annual
Annual
Annual
Annual
Annual
Annual
Annual
Annual
Annual
Annual
Annual
Annual
Annual
Annual
Annual
ErMode
Annual
Annual
Annual
Annual
Annual
Annual
Annual
Annual
Annual
Annual
Annual
Annual
Annual
Annual
Annual
Annual
Annual
Annual
Annual
Annual
Annual
Annual
Annual
Annual
Annual
Annual
Annual
Annual
Annual
Annual
Annual
Annual
Annual
Annual
Annual
Annual
Annual
Annual
Annual
DBOpt
A
A
A
A
A
A
A
A
A
A
A
A
A
A
A
A
A
A
A
A
A
A
A
A
A
A
A
A
A
A
A
A
A
A
A
A
A
A
A
FundNumbers
0
FundNames
Money Market Fund
FundAllocs
0
FundAllocations
0
TieredSepAcctLoadBands
1.7976900000000001e+308
TieredSepAcctLoadRates
0
ExpAndGABasis==Current basis
SABasis==Input %
AVRelOnDeath
0
0
0
0
0
0
0
0
0
0
0
0
0
0
0
0
0
0
0
0
0
0
0
0
0
0
0
0
0
0
0
0
0
0
0
0
0
0
0
AcctVal
15394.07
31316.900000000009
47716.599999999999
64578.790000000015
81922.950000000012
99795.540000000008
118281.00999999998
137440.94
157297.18000000002
177813.01000000004
198875.01000000004
220365.17000000004
242168.09000000005
264203.31000000011
286442.68000000011
308901.30000000005
331628.80000000016
354665.46000000008
378010.29000000004
401615.05999999988
425402.01999999979
449279.93999999994
473108.12999999983
496893.77999999985
520710.30999999982
544683.61999999976
569003.9099999998
593896.27999999991
619649.5199999999
646458.27000000002
674682.76000000013
704728.68000000028
737006.98000000033
771715.83000000042
808818.54000000062
848178.49000000046
889775.80000000063
935710.18000000063
1000012.0400000009
AcctValLoadAMD
0
0
0
0
0
0
0
0
0
0
0
0
0
0
0
0
0
0
0
0
0
0
0
0
0
0
0
0
0
0
0
0
0
0
0
0
0
0
0
AcctValLoadBOM
0
0
0
0
0
0
0
0
0
0
0
0
0
0
0
0
0
0
0
0
0
0
0
0
0
0
0
0
0
0
0
0
0
0
0
0
0
0
0
AnnGAIntRate
0.059999999999999998
0.059999999999999998
0.059999999999999998
0.059999999999999998
0.059999999999999998
0.059999999999999998
0.059999999999999998
0.059999999999999998
0.059999999999999998
0.059999999999999998
0.059999999999999998
0.059999999999999998
0.059999999999999998
0.059999999999999998
0.059999999999999998
0.059999999999999998
0.059999999999999998
0.059999999999999998
0.059999999999999998
0.059999999999999998
0.059999999999999998
0.059999999999999998
0.059999999999999998
0.059999999999999998
0.059999999999999998
0.059999999999999998
0.059999999999999998
0.059999999999999998
0.059999999999999998
0.059999999999999998
0.059999999999999998
0.059999999999999998
0.059999999999999998
0.059999999999999998
0.059999999999999998
0.059999999999999998
0.059999999999999998
0.059999999999999998
0.059999999999999998
AnnHoneymoonValueRate
0
0
0
0
0
0
0
0
0
0
0
0
0
0
0
0
0
0
0
0
0
0
0
0
0
0
0
0
0
0
0
0
0
0
0
0
0
0
0
AnnPolFee
0
0
0
0
0
0
0
0
0
0
0
0
0
0
0
0
0
0
0
0
0
0
0
0
0
0
0
0
0
0
0
0
0
0
0
0
0
0
0
AnnPostHoneymoonRate
0
0
0
0
0
0
0
0
0
0
0
0
0
0
0
0
0
0
0
0
0
0
0
0
0
0
0
0
0
0
0
0
0
0
0
0
0
0
0
AnnSAIntRate
0.071000000000000008
0.071000000000000008
0.071000000000000008
0.071000000000000008
0.071000000000000008
0.071000000000000008
0.071000000000000008
0.071000000000000008
0.071000000000000008
0.071000000000000008
0.071000000000000008
0.071000000000000008
0.071000000000000008
0.071000000000000008
0.071000000000000008
0.071000000000000008
0.071000000000000008
0.071000000000000008
0.071000000000000008
0.071000000000000008
0.071000000000000008
0.071000000000000008
0.071000000000000008
0.071000000000000008
0.071000000000000008
0.071000000000000008
0.071000000000000008
0.071000000000000008
0.071000000000000008
0.071000000000000008
0.071000000000000008
0.071000000000000008
0.071000000000000008
0.071000000000000008
0.071000000000000008
0.071000000000000008
0.071000000000000008
0.071000000000000008
0.071000000000000008
AvgDeathBft
0
0
0
0
0
0
0
0
0
0
0
0
0
0
0
0
0
0
0
0
0
0
0
0
0
0
0
0
0
0
0
0
0
0
0
0
0
0
0
BOYPrefLoan
0
0
0
0
0
0
0
0
0
0
0
0
0
0
0
0
0
0
0
0
0
0
0
0
0
0
0
0
0
0
0
0
0
0
0
0
0
0
0
BaseDeathBft
1000000
1000000
1000000
1000000
1000000
1000000
1000000
1000000
1000000
1000000
1000000
1000000
1000000
1000000
1000000
1000000
1000000
1000000
1000000
1000000
1000000
1000000
1000000
1000000
1000000
1000000
1000000
1000000
1000000
1000000
1000000
1000000
1000000
1000000
1000000
1000000
1000000
1000000
1000012.04
COICharge
5451.6400000000003
5834.2299999999996
6297.7799999999997
6802.9899999999998
7316.1799999999994
7812.4300000000012
8257.5300000000007
8678.6100000000006
9117.7199999999975
9632.880000000001
10296.26
11105.700000000001
12051.84
13094.119999999999
14177.120000000003
15257.379999999999
16302.320000000002
17323.84
18364.25
19469.309999999998
20664.789999999997
21959.280000000006
23395.360000000004
24821.549999999999
26174.16
27406.510000000002
28463.650000000001
29322.790000000001
29935.220000000001
30408.990000000002
30594.850000000002
30469.680000000004
30051.740000000002
29571.010000000002
29266.220000000001
29231.329999999998
29343.400000000001
27540.740000000002
12352.100000000002
CSVNet
15394.07
31316.900000000009
47716.599999999999
64578.790000000015
81922.950000000012
99795.540000000008
118281.00999999998
137440.94
157297.18000000002
177813.01000000004
198875.01000000004
220365.17000000004
242168.09000000005
264203.31000000011
286442.68000000011
308901.30000000005
331628.80000000016
354665.46000000008
378010.29000000004
401615.05999999988
425402.01999999979
449279.93999999994
473108.12999999983
496893.77999999985
520710.30999999982
544683.61999999976
569003.9099999998
593896.27999999991
619649.5199999999
646458.27000000002
674682.76000000013
704728.68000000028
737006.98000000033
771715.83000000042
808818.54000000062
848178.49000000046
889775.80000000063
935710.18000000063
1000012.0400000009
CV7702
15394.07
31316.900000000009
47716.599999999999
64578.790000000015
81922.950000000012
99795.540000000008
118281.00999999998
137440.94
157297.18000000002
177813.01000000004
198875.01000000004
220365.17000000004
242168.09000000005
264203.31000000011
286442.68000000011
308901.30000000005
331628.80000000016
354665.46000000008
378010.29000000004
401615.05999999988
425402.01999999979
449279.93999999994
473108.12999999983
496893.77999999985
520710.30999999982
544683.61999999976
569003.9099999998
593896.27999999991
619649.5199999999
646458.27000000002
674682.76000000013
704728.68000000028
737006.98000000033
771715.83000000042
808818.54000000062
848178.49000000046
889775.80000000063
935710.18000000063
1000012.0400000009
ClaimsPaid
0
0
0
0
0
0
0
0
0
0
0
0
0
0
0
0
0
0
0
0
0
0
0
0
0
0
0
0
0
0
0
0
0
0
0
0
0
0
0
DacTaxLoad
216.19280000000001
216.19280000000001
216.19280000000001
216.19280000000001
216.19280000000001
216.19280000000001
216.19280000000001
216.19280000000001
216.19280000000001
216.19280000000001
216.19280000000001
216.19280000000001
216.19280000000001
216.19280000000001
216.19280000000001
216.19280000000001
216.19280000000001
216.19280000000001
216.19280000000001
216.19280000000001
216.19280000000001
216.19280000000001
216.19280000000001
216.19280000000001
216.19280000000001
216.19280000000001
216.19280000000001
216.19280000000001
216.19280000000001
216.19280000000001
216.19280000000001
216.19280000000001
216.19280000000001
216.19280000000001
216.19280000000001
216.19280000000001
216.19280000000001
216.19280000000001
216.19280000000001
DacTaxRsv
0
0
0
0
0
0
0
0
0
0
0
0
0
0
0
0
0
0
0
0
0
0
0
0
0
0
0
0
0
0
0
0
0
0
0
0
0
0
0
EOYDeathBft
1000000
1000000
1000000
1000000
1000000
1000000
1000000
1000000
1000000
1000000
1000000
1000000
1000000
1000000
1000000
1000000
1000000
1000000
1000000
1000000
1000000
1000000
1000000
1000000
1000000
1000000
1000000
1000000
1000000
1000000
1000000
1000000
1000000
1000000
1000000
1000000
1000000
1000000
1000012.04
ExcessLoan
0
0
0
0
0
0
0
0
0
0
0
0
0
0
0
0
0
0
0
0
0
0
0
0
0
0
0
0
0
0
0
0
0
0
0
0
0
0
0
ExpRatRsvCash
0
0
0
0
0
0
0
0
0
0
0
0
0
0
0
0
0
0
0
0
0
0
0
0
0
0
0
0
0
0
0
0
0
0
0
0
0
0
0
ExpRatRsvForborne
0
0
0
0
0
0
0
0
0
0
0
0
0
0
0
0
0
0
0
0
0
0
0
0
0
0
0
0
0
0
0
0
0
0
0
0
0
0
0
ExpRsvInt
0
0
0
0
0
0
0
0
0
0
0
0
0
0
0
0
0
0
0
0
0
0
0
0
0
0
0
0
0
0
0
0
0
0
0
0
0
0
0
ExpenseCharges
0
0
0
0
0
0
0
0
0
0
0
0
0
0
0
0
0
0
0
0
0
0
0
0
0
0
0
0
0
0
0
0
0
0
0
0
0
0
0
GrossIntCredited
1015.9699999999998
1927.3200000000002
2867.7400000000002
3835.4400000000005
4830.5999999999995
5855.2799999999997
6913.2599999999993
8008.7999999999993
9144.2200000000012
10318.969999999998
11528.520000000002
12766.120000000003
14025.02
15299.600000000002
16586.75
17886.260000000002
19200.080000000002
20530.760000000006
21879.34
23244.339999999997
24622.010000000002
26007.459999999999
27393.810000000001
28777.460000000003
30160.950000000001
31550.080000000002
32954.199999999997
34385.420000000006
35858.720000000001
37388
38989.599999999999
40685.860000000001
42500.300000000003
44450.119999999995
46539.189999999995
48761.540000000008
51110.970000000008
53645.380000000005
56824.219999999994
MlyGAIntRate
0.0048675505653430371
0.0048675505653430371
0.0048675505653430371
0.0048675505653430371
0.0048675505653430371
0.0048675505653430371
0.0048675505653430371
0.0048675505653430371
0.0048675505653430371
0.0048675505653430371
0.0048675505653430371
0.0048675505653430371
0.0048675505653430371
0.0048675505653430371
0.0048675505653430371
0.0048675505653430371
0.0048675505653430371
0.0048675505653430371
0.0048675505653430371
0.0048675505653430371
0.0048675505653430371
0.0048675505653430371
0.0048675505653430371
0.0048675505653430371
0.0048675505653430371
0.0048675505653430371
0.0048675505653430371
0.0048675505653430371
0.0048675505653430371
0.0048675505653430371
0.0048675505653430371
0.0048675505653430371
0.0048675505653430371
0.0048675505653430371
0.0048675505653430371
0.0048675505653430371
0.0048675505653430371
0.0048675505653430371
0.0048675505653430371
MlyHoneymoonValueRate
0
0
0
0
0
0
0
0
0
0
0
0
0
0
0
0
0
0
0
0
0
0
0
0
0
0
0
0
0
0
0
0
0
0
0
0
0
0
0
MlyPolFee
60
60
60
60
60
60
60
60
60
60
60
60
60
60
60
60
60
60
60
60
60
60
60
60
60
60
60
60
60
60
60
60
60
60
60
60
60
60
60
MlyPostHoneymoonRate
0
0
0
0
0
0
0
0
0
0
0
0
0
0
0
0
0
0
0
0
0
0
0
0
0
0
0
0
0
0
0
0
0
0
0
0
0
0
0
MlySAIntRate
0.0057324338322312591
0.0057324338322312591
0.0057324338322312591
0.0057324338322312591
0.0057324338322312591
0.0057324338322312591
0.0057324338322312591
0.0057324338322312591
0.0057324338322312591
0.0057324338322312591
0.0057324338322312591
0.0057324338322312591
0.0057324338322312591
0.0057324338322312591
0.0057324338322312591
0.0057324338322312591
0.0057324338322312591
0.0057324338322312591
0.0057324338322312591
0.0057324338322312591
0.0057324338322312591
0.0057324338322312591
0.0057324338322312591
0.0057324338322312591
0.0057324338322312591
0.0057324338322312591
0.0057324338322312591
0.0057324338322312591
0.0057324338322312591
0.0057324338322312591
0.0057324338322312591
0.0057324338322312591
0.0057324338322312591
0.0057324338322312591
0.0057324338322312591
0.0057324338322312591
0.0057324338322312591
0.0057324338322312591
0.0057324338322312591
NetCOICharge
545.16399999999999
583.423
629.77800000000002
680.29899999999998
731.61800000000005
781.24299999999994
825.75300000000016
867.8610000000001
911.77199999999982
963.28799999999978
1029.626
1110.5699999999999
1205.184
1309.412
1417.712
1525.7380000000001
1630.232
1732.3840000000002
1836.425
1946.931
2066.4790000000003
2195.9279999999999
2339.5360000000001
2482.1549999999997
2617.4160000000002
2740.6510000000003
2846.3649999999993
2932.2790000000005
2993.5219999999995
3040.8989999999999
3059.4850000000006
3046.9679999999998
3005.174
2957.1010000000001
2926.6219999999998
2923.1329999999998
2934.3399999999997
2754.0739999999996
1235.21
NetClaims
0
0
0
0
0
0
0
0
0
0
0
0
0
0
0
0
0
0
0
0
0
0
0
0
0
0
0
0
0
0
0
0
0
0
0
0
0
0
0
NetDeathBft
0
0
0
0
0
0
0
0
0
0
0
0
0
0
0
0
0
0
0
0
0
0
0
0
0
0
0
0
0
0
0
0
0
0
0
0
0
0
0
NetIntCredited
1015.9699999999998
1927.3200000000002
2867.7400000000002
3835.4400000000005
4830.5999999999995
5855.2799999999997
6913.2599999999993
8008.7999999999993
9144.2200000000012
10318.969999999998
11528.520000000002
12766.120000000003
14025.02
15299.600000000002
16586.75
17886.260000000002
19200.080000000002
20530.760000000006
21879.34
23244.339999999997
24622.010000000002
26007.459999999999
27393.810000000001
28777.460000000003
30160.950000000001
31550.080000000002
32954.199999999997
34385.420000000006
35858.720000000001
37388
38989.599999999999
40685.860000000001
42500.300000000003
44450.119999999995
46539.189999999995
48761.540000000008
51110.970000000008
53645.380000000005
56824.219999999994
NetPmt
19889.739999999998
19889.739999999998
19889.739999999998
19889.739999999998
19889.739999999998
19889.739999999998
19889.739999999998
19889.739999999998
19889.739999999998
19889.739999999998
19889.739999999998
19889.739999999998
19889.739999999998
19889.739999999998
19889.739999999998
19889.739999999998
19889.739999999998
19889.739999999998
19889.739999999998
19889.739999999998
19889.739999999998
19889.739999999998
19889.739999999998
19889.739999999998
19889.739999999998
19889.739999999998
19889.739999999998
19889.739999999998
19889.739999999998
19889.739999999998
19889.739999999998
19889.739999999998
19889.739999999998
19889.739999999998
19889.739999999998
19889.739999999998
19889.739999999998
19889.739999999998
19889.739999999998
PolFee
60
60
60
60
60
60
60
60
60
60
60
60
60
60
60
60
60
60
60
60
60
60
60
60
60
60
60
60
60
60
60
60
60
60
60
60
60
60
60
PrefLoanBalance
0
0
0
0
0
0
0
0
0
0
0
0
0
0
0
0
0
0
0
0
0
0
0
0
0
0
0
0
0
0
0
0
0
0
0
0
0
0
0
PremTaxLoad
432.38560000000001
432.38560000000001
432.38560000000001
432.38560000000001
432.38560000000001
432.38560000000001
432.38560000000001
432.38560000000001
432.38560000000001
432.38560000000001
432.38560000000001
432.38560000000001
432.38560000000001
432.38560000000001
432.38560000000001
432.38560000000001
432.38560000000001
432.38560000000001
432.38560000000001
432.38560000000001
432.38560000000001
432.38560000000001
432.38560000000001
432.38560000000001
432.38560000000001
432.38560000000001
432.38560000000001
432.38560000000001
432.38560000000001
432.38560000000001
432.38560000000001
432.38560000000001
432.38560000000001
432.38560000000001
432.38560000000001
432.38560000000001
432.38560000000001
432.38560000000001
432.38560000000001
SpecAmtLoad
0
0
0
0
0
0
0
0
0
0
0
0
0
0
0
0
0
0
0
0
0
0
0
0
0
0
0
0
0
0
0
0
0
0
0
0
0
0
0
SurrChg
0
0
0
0
0
0
0
0
0
0
0
0
0
0
0
0
0
0
0
0
0
0
0
0
0
0
0
0
0
0
0
0
0
0
0
0
0
0
0
TermPurchased
0
0
0
0
0
0
0
0
0
0
0
0
0
0
0
0
0
0
0
0
0
0
0
0
0
0
0
0
0
0
0
0
0
0
0
0
0
0
0
TotalLoanBalance
0
0
0
0
0
0
0
0
0
0
0
0
0
0
0
0
0
0
0
0
0
0
0
0
0
0
0
0
0
0
0
0
0
0
0
0
0
0
0
InitAnnGenAcctInt==0.059999999999999998
InitAnnLoanCredRate==0.039999999999999994
InitAnnSepAcctGrossInt==0.080000000000000002
InitAnnSepAcctNetInt==0.071000000000000008
LapseMonth==11
LapseYear==39
ExpAndGABasis==Guaranteed basis
SABasis==Input %
AVRelOnDeath
0
0
0
0
0
0
0
0
0
0
0
0
0
0
0
0
0
0
0
0
0
0
0
0
0
0
0
0
0
0
0
0
0
0
0
0
0
0
0
AcctVal
5966.7299999999959
10968.529999999997
14708.27999999999
16962.799999999985
17572.729999999981
16422.849999999995
13474.059999999999
8593.7300000000014
1495.9500000000032
0
0
0
0
0
0
0
0
0
0
0
0
0
0
0
0
0
0
0
0
0
0
0
0
0
0
0
0
0
0
AcctValLoadAMD
0
0
0
0
0
0
0
0
0
0
0
0
0
0
0
0
0
0
0
0
0
0
0
0
0
0
0
0
0
0
0
0
0
0
0
0
0
0
0
AcctValLoadBOM
0
0
0
0
0
0
0
0
0
0
0
0
0
0
0
0
0
0
0
0
0
0
0
0
0
0
0
0
0
0
0
0
0
0
0
0
0
0
0
AnnGAIntRate
0.029999999999999999
0.029999999999999999
0.029999999999999999
0.029999999999999999
0.029999999999999999
0.029999999999999999
0.029999999999999999
0.029999999999999999
0.029999999999999999
0.029999999999999999
0.029999999999999999
0.029999999999999999
0.029999999999999999
0.029999999999999999
0.029999999999999999
0.029999999999999999
0.029999999999999999
0.029999999999999999
0.029999999999999999
0.029999999999999999
0.029999999999999999
0.029999999999999999
0.029999999999999999
0.029999999999999999
0.029999999999999999
0.029999999999999999
0.029999999999999999
0.029999999999999999
0.029999999999999999
0.029999999999999999
0.029999999999999999
0.029999999999999999
0.029999999999999999
0.029999999999999999
0.029999999999999999
0.029999999999999999
0.029999999999999999
0.029999999999999999
0.029999999999999999
AnnHoneymoonValueRate
0
0
0
0
0
0
0
0
0
0
0
0
0
0
0
0
0
0
0
0
0
0
0
0
0
0
0
0
0
0
0
0
0
0
0
0
0
0
0
AnnPolFee
0
0
0
0
0
0
0
0
0
0
0
0
0
0
0
0
0
0
0
0
0
0
0
0
0
0
0
0
0
0
0
0
0
0
0
0
0
0
0
AnnPostHoneymoonRate
0
0
0
0
0
0
0
0
0
0
0
0
0
0
0
0
0
0
0
0
0
0
0
0
0
0
0
0
0
0
0
0
0
0
0
0
0
0
0
AnnSAIntRate
0.071000000000000008
0.071000000000000008
0.071000000000000008
0.071000000000000008
0.071000000000000008
0.071000000000000008
0.071000000000000008
0.071000000000000008
0.071000000000000008
0.071000000000000008
0.071000000000000008
0.071000000000000008
0.071000000000000008
0.071000000000000008
0.071000000000000008
0.071000000000000008
0.071000000000000008
0.071000000000000008
0.071000000000000008
0.071000000000000008
0.071000000000000008
0.071000000000000008
0.071000000000000008
0.071000000000000008
0.071000000000000008
0.071000000000000008
0.071000000000000008
0.071000000000000008
0.071000000000000008
0.071000000000000008
0.071000000000000008
0.071000000000000008
0.071000000000000008
0.071000000000000008
0.071000000000000008
0.071000000000000008
0.071000000000000008
0.071000000000000008
0.071000000000000008
AvgDeathBft
0
0
0
0
0
0
0
0
0
0
0
0
0
0
0
0
0
0
0
0
0
0
0
0
0
0
0
0
0
0
0
0
0
0
0
0
0
0
0
BOYPrefLoan
0
0
0
0
0
0
0
0
0
0
0
0
0
0
0
0
0
0
0
0
0
0
0
0
0
0
0
0
0
0
0
0
0
0
0
0
0
0
0
BaseDeathBft
1000000
1000000
1000000
1000000
1000000
1000000
1000000
1000000
1000000
0
0
0
0
0
0
0
0
0
0
0
0
0
0
0
0
0
0
0
0
0
0
0
0
0
0
0
0
0
0
COICharge
13754.749999999996
14880.560000000001
16270.26
17842.400000000001
19527.510000000002
21277.5
23014.029999999999
24827.969999999998
26866.309999999998
0
0
0
0
0
0
0
0
0
0
0
0
0
0
0
0
0
0
0
0
0
0
0
0
0
0
0
0
0
0
CSVNet
5966.7299999999959
10968.529999999997
14708.27999999999
16962.799999999985
17572.729999999981
16422.849999999995
13474.059999999999
8593.7300000000014
1495.9500000000032
0
0
0
0
0
0
0
0
0
0
0
0
0
0
0
0
0
0
0
0
0
0
0
0
0
0
0
0
0
0
CV7702
5966.7299999999959
10968.529999999997
14708.27999999999
16962.799999999985
17572.729999999981
16422.849999999995
13474.059999999999
8593.7300000000014
1495.9500000000032
0
0
0
0
0
0
0
0
0
0
0
0
0
0
0
0
0
0
0
0
0
0
0
0
0
0
0
0
0
0
ClaimsPaid
0
0
0
0
0
0
0
0
0
0
0
0
0
0
0
0
0
0
0
0
0
0
0
0
0
0
0
0
0
0
0
0
0
0
0
0
0
0
0
DacTaxLoad
216.19280000000001
216.19280000000001
216.19280000000001
216.19280000000001
216.19280000000001
216.19280000000001
216.19280000000001
216.19280000000001
216.19280000000001
0
0
0
0
0
0
0
0
0
0
0
0
0
0
0
0
0
0
0
0
0
0
0
0
0
0
0
0
0
0
DacTaxRsv
0
0
0
0
0
0
0
0
0
0
0
0
0
0
0
0
0
0
0
0
0
0
0
0
0
0
0
0
0
0
0
0
0
0
0
0
0
0
0
EOYDeathBft
1000000
1000000
1000000
1000000
1000000
1000000
1000000
1000000
1000000
0
0
0
0
0
0
0
0
0
0
0
0
0
0
0
0
0
0
0
0
0
0
0
0
0
0
0
0
0
0
ExcessLoan
0
0
0
0
0
0
0
0
0
0
0
0
0
0
0
0
0
0
0
0
0
0
0
0
0
0
0
0
0
0
0
0
0
0
0
0
0
0
0
ExpRatRsvCash
0
0
0
0
0
0
0
0
0
0
0
0
0
0
0
0
0
0
0
0
0
0
0
0
0
0
0
0
0
0
0
0
0
0
0
0
0
0
0
ExpRatRsvForborne
0
0
0
0
0
0
0
0
0
0
0
0
0
0
0
0
0
0
0
0
0
0
0
0
0
0
0
0
0
0
0
0
0
0
0
0
0
0
0
ExpRsvInt
0
0
0
0
0
0
0
0
0
0
0
0
0
0
0
0
0
0
0
0
0
0
0
0
0
0
0
0
0
0
0
0
0
0
0
0
0
0
0
ExpenseCharges
0
0
0
0
0
0
0
0
0
0
0
0
0
0
0
0
0
0
0
0
0
0
0
0
0
0
0
0
0
0
0
0
0
0
0
0
0
0
0
GrossIntCredited
360.13
521.00999999999999
648.66000000000008
735.57000000000005
776.09000000000015
766.2700000000001
703.88999999999999
586.29000000000008
407.18000000000001
0
0
0
0
0
0
0
0
0
0
0
0
0
0
0
0
0
0
0
0
0
0
0
0
0
0
0
0
0
0
MlyGAIntRate
0.0024662697723035996
0.0024662697723035996
0.0024662697723035996
0.0024662697723035996
0.0024662697723035996
0.0024662697723035996
0.0024662697723035996
0.0024662697723035996
0.0024662697723035996
0.0024662697723035996
0.0024662697723035996
0.0024662697723035996
0.0024662697723035996
0.0024662697723035996
0.0024662697723035996
0.0024662697723035996
0.0024662697723035996
0.0024662697723035996
0.0024662697723035996
0.0024662697723035996
0.0024662697723035996
0.0024662697723035996
0.0024662697723035996
0.0024662697723035996
0.0024662697723035996
0.0024662697723035996
0.0024662697723035996
0.0024662697723035996
0.0024662697723035996
0.0024662697723035996
0.0024662697723035996
0.0024662697723035996
0.0024662697723035996
0.0024662697723035996
0.0024662697723035996
0.0024662697723035996
0.0024662697723035996
0.0024662697723035996
0.0024662697723035996
MlyHoneymoonValueRate
0
0
0
0
0
0
0
0
0
0
0
0
0
0
0
0
0
0
0
0
0
0
0
0
0
0
0
0
0
0
0
0
0
0
0
0
0
0
0
MlyPolFee
96
96
96
96
96
96
96
96
96
0
0
0
0
0
0
0
0
0
0
0
0
0
0
0
0
0
0
0
0
0
0
0
0
0
0
0
0
0
0
MlyPostHoneymoonRate
0
0
0
0
0
0
0
0
0
0
0
0
0
0
0
0
0
0
0
0
0
0
0
0
0
0
0
0
0
0
0
0
0
0
0
0
0
0
0
MlySAIntRate
0.0057324338322312591
0.0057324338322312591
0.0057324338322312591
0.0057324338322312591
0.0057324338322312591
0.0057324338322312591
0.0057324338322312591
0.0057324338322312591
0.0057324338322312591
0.0057324338322312591
0.0057324338322312591
0.0057324338322312591
0.0057324338322312591
0.0057324338322312591
0.0057324338322312591
0.0057324338322312591
0.0057324338322312591
0.0057324338322312591
0.0057324338322312591
0.0057324338322312591
0.0057324338322312591
0.0057324338322312591
0.0057324338322312591
0.0057324338322312591
0.0057324338322312591
0.0057324338322312591
0.0057324338322312591
0.0057324338322312591
0.0057324338322312591
0.0057324338322312591
0.0057324338322312591
0.0057324338322312591
0.0057324338322312591
0.0057324338322312591
0.0057324338322312591
0.0057324338322312591
0.0057324338322312591
0.0057324338322312591
0.0057324338322312591
NetCOICharge
1375.4749999999999
1488.0559999999998
1627.0259999999998
1784.2399999999998
1952.7509999999997
2127.75
2301.4030000000002
2482.7970000000005
2686.6309999999999
0
0
0
0
0
0
0
0
0
0
0
0
0
0
0
0
0
0
0
0
0
0
0
0
0
0
0
0
0
0
NetClaims
0
0
0
0
0
0
0
0
0
0
0
0
0
0
0
0
0
0
0
0
0
0
0
0
0
0
0
0
0
0
0
0
0
0
0
0
0
0
0
NetDeathBft
0
0
0
0
0
0
0
0
0
0
0
0
0
0
0
0
0
0
0
0
0
0
0
0
0
0
0
0
0
0
0
0
0
0
0
0
0
0
0
NetIntCredited
360.13
521.00999999999999
648.66000000000008
735.57000000000005
776.09000000000015
766.2700000000001
703.88999999999999
586.29000000000008
407.18000000000001
0
0
0
0
0
0
0
0
0
0
0
0
0
0
0
0
0
0
0
0
0
0
0
0
0
0
0
0
0
0
NetPmt
0
0
0
0
0
0
0
0
0
0
0
0
0
0
0
0
0
0
0
0
0
0
0
0
0
0
0
0
0
0
0
0
0
0
0
0
0
0
0
PolFee
96
96
96
96
96
96
96
96
96
0
0
0
0
0
0
0
0
0
0
0
0
0
0
0
0
0
0
0
0
0
0
0
0
0
0
0
0
0
0
PrefLoanBalance
0
0
0
0
0
0
0
0
0
0
0
0
0
0
0
0
0
0
0
0
0
0
0
0
0
0
0
0
0
0
0
0
0
0
0
0
0
0
0
PremTaxLoad
432.38560000000001
432.38560000000001
432.38560000000001
432.38560000000001
432.38560000000001
432.38560000000001
432.38560000000001
432.38560000000001
432.38560000000001
0
0
0
0
0
0
0
0
0
0
0
0
0
0
0
0
0
0
0
0
0
0
0
0
0
0
0
0
0
0
SpecAmtLoad
0
0
0
0
0
0
0
0
0
0
0
0
0
0
0
0
0
0
0
0
0
0
0
0
0
0
0
0
0
0
0
0
0
0
0
0
0
0
0
SurrChg
0
0
0
0
0
0
0
0
0
0
0
0
0
0
0
0
0
0
0
0
0
0
0
0
0
0
0
0
0
0
0
0
0
0
0
0
0
0
0
TermPurchased
0
0
0
0
0
0
0
0
0
0
0
0
0
0
0
0
0
0
0
0
0
0
0
0
0
0
0
0
0
0
0
0
0
0
0
0
0
0
0
TotalLoanBalance
0
0
0
0
0
0
0
0
0
0
0
0
0
0
0
0
0
0
0
0
0
0
0
0
0
0
0
0
0
0
0
0
0
0
0
0
0
0
0
InitAnnGenAcctInt==0.029999999999999999
InitAnnLoanCredRate==0.029999999999999999
InitAnnSepAcctGrossInt==0.080000000000000002
InitAnnSepAcctNetInt==0.071000000000000008
LapseMonth==8
LapseYear==9
ExpAndGABasis==Midpoint basis
SABasis==Input %
AVRelOnDeath
0
0
0
0
0
0
0
0
0
0
0
0
0
0
0
0
0
0
0
0
0
0
0
0
0
0
0
0
0
0
0
0
0
0
0
0
0
0
0
AcctVal
10653.279999999995
21037.509999999984
30972.260000000002
40333.19000000001
49045.299999999996
57069.509999999966
64423.689999999966
71069.109999999957
76874.189999999959
81568.969999999958
84694.099999999933
85724.459999999919
84067.129999999932
79110.409999999945
70248.759999999907
56849.089999999895
38214.249999999876
13444.009999999864
0
0
0
0
0
0
0
0
0
0
0
0
0
0
0
0
0
0
0
0
0
AcctValLoadAMD
0
0
0
0
0
0
0
0
0
0
0
0
0
0
0
0
0
0
0
0
0
0
0
0
0
0
0
0
0
0
0
0
0
0
0
0
0
0
0
AcctValLoadBOM
0
0
0
0
0
0
0
0
0
0
0
0
0
0
0
0
0
0
0
0
0
0
0
0
0
0
0
0
0
0
0
0
0
0
0
0
0
0
0
AnnGAIntRate
0.044999999999999998
0.044999999999999998
0.044999999999999998
0.044999999999999998
0.044999999999999998
0.044999999999999998
0.044999999999999998
0.044999999999999998
0.044999999999999998
0.044999999999999998
0.044999999999999998
0.044999999999999998
0.044999999999999998
0.044999999999999998
0.044999999999999998
0.044999999999999998
0.044999999999999998
0.044999999999999998
0.044999999999999998
0.044999999999999998
0.044999999999999998
0.044999999999999998
0.044999999999999998
0.044999999999999998
0.044999999999999998
0.044999999999999998
0.044999999999999998
0.044999999999999998
0.044999999999999998
0.044999999999999998
0.044999999999999998
0.044999999999999998
0.044999999999999998
0.044999999999999998
0.044999999999999998
0.044999999999999998
0.044999999999999998
0.044999999999999998
0.044999999999999998
AnnHoneymoonValueRate
0
0
0
0
0
0
0
0
0
0
0
0
0
0
0
0
0
0
0
0
0
0
0
0
0
0
0
0
0
0
0
0
0
0
0
0
0
0
0
AnnPolFee
0
0
0
0
0
0
0
0
0
0
0
0
0
0
0
0
0
0
0
0
0
0
0
0
0
0
0
0
0
0
0
0
0
0
0
0
0
0
0
AnnPostHoneymoonRate
0
0
0
0
0
0
0
0
0
0
0
0
0
0
0
0
0
0
0
0
0
0
0
0
0
0
0
0
0
0
0
0
0
0
0
0
0
0
0
AnnSAIntRate
0
0
0
0
0
0
0
0
0
0
0
0
0
0
0
0
0
0
0
0
0
0
0
0
0
0
0
0
0
0
0
0
0
0
0
0
0
0
0
AvgDeathBft
0
0
0
0
0
0
0
0
0
0
0
0
0
0
0
0
0
0
0
0
0
0
0
0
0
0
0
0
0
0
0
0
0
0
0
0
0
0
0
BOYPrefLoan
0
0
0
0
0
0
0
0
0
0
0
0
0
0
0
0
0
0
0
0
0
0
0
0
0
0
0
0
0
0
0
0
0
0
0
0
0
0
0
BaseDeathBft
1000000
1000000
1000000
1000000
1000000
1000000
1000000
1000000
1000000
1000000
1000000
1000000
1000000
1000000
1000000
1000000
1000000
1000000
0
0
0
0
0
0
0
0
0
0
0
0
0
0
0
0
0
0
0
0
0
COICharge
9593.7399999999998
10324.52
11219.68
12216.5
13261.360000000001
14315.849999999999
15322.679999999998
16337.92
17450.480000000003
18789.759999999998
20528.82
22711.719999999998
25381.609999999997
28530.820000000003
32126.5
36168.949999999997
40692.979999999996
45866.239999999998
0
0
0
0
0
0
0
0
0
0
0
0
0
0
0
0
0
0
0
0
0
CSVNet
10653.279999999995
21037.509999999984
30972.260000000002
40333.19000000001
49045.299999999996
57069.509999999966
64423.689999999966
71069.109999999957
76874.189999999959
81568.969999999958
84694.099999999933
85724.459999999919
84067.129999999932
79110.409999999945
70248.759999999907
56849.089999999895
38214.249999999876
13444.009999999864
0
0
0
0
0
0
0
0
0
0
0
0
0
0
0
0
0
0
0
0
0
CV7702
10653.279999999995
21037.509999999984
30972.260000000002
40333.19000000001
49045.299999999996
57069.509999999966
64423.689999999966
71069.109999999957
76874.189999999959
81568.969999999958
84694.099999999933
85724.459999999919
84067.129999999932
79110.409999999945
70248.759999999907
56849.089999999895
38214.249999999876
13444.009999999864
0
0
0
0
0
0
0
0
0
0
0
0
0
0
0
0
0
0
0
0
0
ClaimsPaid
0
0
0
0
0
0
0
0
0
0
0
0
0
0
0
0
0
0
0
0
0
0
0
0
0
0
0
0
0
0
0
0
0
0
0
0
0
0
0
DacTaxLoad
216.19280000000001
216.19280000000001
216.19280000000001
216.19280000000001
216.19280000000001
216.19280000000001
216.19280000000001
216.19280000000001
216.19280000000001
216.19280000000001
216.19280000000001
216.19280000000001
216.19280000000001
216.19280000000001
216.19280000000001
216.19280000000001
216.19280000000001
216.19280000000001
0
0
0
0
0
0
0
0
0
0
0
0
0
0
0
0
0
0
0
0
0
DacTaxRsv
0
0
0
0
0
0
0
0
0
0
0
0
0
0
0
0
0
0
0
0
0
0
0
0
0
0
0
0
0
0
0
0
0
0
0
0
0
0
0
EOYDeathBft
1000000
1000000
1000000
1000000
1000000
1000000
1000000
1000000
1000000
1000000
1000000
1000000
1000000
1000000
1000000
1000000
1000000
1000000
0
0
0
0
0
0
0
0
0
0
0
0
0
0
0
0
0
0
0
0
0
ExcessLoan
0
0
0
0
0
0
0
0
0
0
0
0
0
0
0
0
0
0
0
0
0
0
0
0
0
0
0
0
0
0
0
0
0
0
0
0
0
0
0
ExpRatRsvCash
0
0
0
0
0
0
0
0
0
0
0
0
0
0
0
0
0
0
0
0
0
0
0
0
0
0
0
0
0
0
0
0
0
0
0
0
0
0
0
ExpRatRsvForborne
0
0
0
0
0
0
0
0
0
0
0
0
0
0
0
0
0
0
0
0
0
0
0
0
0
0
0
0
0
0
0
0
0
0
0
0
0
0
0
ExpRsvInt
0
0
0
0
0
0
0
0
0
0
0
0
0
0
0
0
0
0
0
0
0
0
0
0
0
0
0
0
0
0
0
0
0
0
0
0
0
0
0
ExpenseCharges
0
0
0
0
0
0
0
0
0
0
0
0
0
0
0
0
0
0
0
0
0
0
0
0
0
0
0
0
0
0
0
0
0
0
0
0
0
0
0
GrossIntCredited
0
0
0
0
0
0
0
0
0
0
0
0
0
0
0
0
0
0
0
0
0
0
0
0
0
0
0
0
0
0
0
0
0
0
0
0
0
0
0
MlyGAIntRate
0.0036748094004367664
0.0036748094004367664
0.0036748094004367664
0.0036748094004367664
0.0036748094004367664
0.0036748094004367664
0.0036748094004367664
0.0036748094004367664
0.0036748094004367664
0.0036748094004367664
0.0036748094004367664
0.0036748094004367664
0.0036748094004367664
0.0036748094004367664
0.0036748094004367664
0.0036748094004367664
0.0036748094004367664
0.0036748094004367664
0.0036748094004367664
0.0036748094004367664
0.0036748094004367664
0.0036748094004367664
0.0036748094004367664
0.0036748094004367664
0.0036748094004367664
0.0036748094004367664
0.0036748094004367664
0.0036748094004367664
0.0036748094004367664
0.0036748094004367664
0.0036748094004367664
0.0036748094004367664
0.0036748094004367664
0.0036748094004367664
0.0036748094004367664
0.0036748094004367664
0.0036748094004367664
0.0036748094004367664
0.0036748094004367664
MlyHoneymoonValueRate
0
0
0
0
0
0
0
0
0
0
0
0
0
0
0
0
0
0
0
0
0
0
0
0
0
0
0
0
0
0
0
0
0
0
0
0
0
0
0
MlyPolFee
78
78
78
78
78
78
78
78
78
78
78
78
78
78
78
78
78
78
0
0
0
0
0
0
0
0
0
0
0
0
0
0
0
0
0
0
0
0
0
MlyPostHoneymoonRate
0
0
0
0
0
0
0
0
0
0
0
0
0
0
0
0
0
0
0
0
0
0
0
0
0
0
0
0
0
0
0
0
0
0
0
0
0
0
0
MlySAIntRate
0
0
0
0
0
0
0
0
0
0
0
0
0
0
0
0
0
0
0
0
0
0
0
0
0
0
0
0
0
0
0
0
0
0
0
0
0
0
0
NetCOICharge
959.37400000000025
1032.452
1121.9679999999998
1221.6500000000001
1326.136
1431.5849999999996
1532.268
1633.7920000000001
1745.048
1878.9759999999999
2052.8819999999996
2271.172
2538.1610000000001
2853.0820000000003
3212.6499999999996
3616.895
4069.2980000000007
4586.6239999999998
0
0
0
0
0
0
0
0
0
0
0
0
0
0
0
0
0
0
0
0
0
NetClaims
0
0
0
0
0
0
0
0
0
0
0
0
0
0
0
0
0
0
0
0
0
0
0
0
0
0
0
0
0
0
0
0
0
0
0
0
0
0
0
NetDeathBft
0
0
0
0
0
0
0
0
0
0
0
0
0
0
0
0
0
0
0
0
0
0
0
0
0
0
0
0
0
0
0
0
0
0
0
0
0
0
0
NetIntCredited
651.48000000000002
1113.21
1558.8900000000001
1981.8900000000003
2377.9300000000003
2744.52
3081.3199999999997
3387.7999999999997
3660.0200000000004
3889
4058.4099999999999
4146.54
4128.7400000000007
3978.5599999999995
3669.3099999999999
3173.7399999999998
2462.5999999999999
1500.4599999999998
0
0
0
0
0
0
0
0
0
0
0
0
0
0
0
0
0
0
0
0
0
NetPmt
0
0
0
0
0
0
0
0
0
0
0
0
0
0
0
0
0
0
0
0
0
0
0
0
0
0
0
0
0
0
0
0
0
0
0
0
0
0
0
PolFee
78
78
78
78
78
78
78
78
78
78
78
78
78
78
78
78
78
78
0
0
0
0
0
0
0
0
0
0
0
0
0
0
0
0
0
0
0
0
0
PrefLoanBalance
0
0
0
0
0
0
0
0
0
0
0
0
0
0
0
0
0
0
0
0
0
0
0
0
0
0
0
0
0
0
0
0
0
0
0
0
0
0
0
PremTaxLoad
432.38560000000001
432.38560000000001
432.38560000000001
432.38560000000001
432.38560000000001
432.38560000000001
432.38560000000001
432.38560000000001
432.38560000000001
432.38560000000001
432.38560000000001
432.38560000000001
432.38560000000001
432.38560000000001
432.38560000000001
432.38560000000001
432.38560000000001
432.38560000000001
0
0
0
0
0
0
0
0
0
0
0
0
0
0
0
0
0
0
0
0
0
SpecAmtLoad
0
0
0
0
0
0
0
0
0
0
0
0
0
0
0
0
0
0
0
0
0
0
0
0
0
0
0
0
0
0
0
0
0
0
0
0
0
0
0
SurrChg
0
0
0
0
0
0
0
0
0
0
0
0
0
0
0
0
0
0
0
0
0
0
0
0
0
0
0
0
0
0
0
0
0
0
0
0
0
0
0
TermPurchased
0
0
0
0
0
0
0
0
0
0
0
0
0
0
0
0
0
0
0
0
0
0
0
0
0
0
0
0
0
0
0
0
0
0
0
0
0
0
0
TotalLoanBalance
0
0
0
0
0
0
0
0
0
0
0
0
0
0
0
0
0
0
0
0
0
0
0
0
0
0
0
0
0
0
0
0
0
0
0
0
0
0
0
InitAnnGenAcctInt==0.044999999999999998
InitAnnLoanCredRate==0.029999999999999999
InitAnnSepAcctGrossInt==0.080000000000000002
InitAnnSepAcctNetInt==0
LapseMonth==7
LapseYear==18
